# Created by Octave 8.4.0, Wed Feb 04 21:36:29 2026 PST <keung@keung>
# name: psa
# type: matrix
# rows: 300
# columns: 1
 0.15499912190006113
 0.15496648110437367
 0.1548768833943803
 0.15478163809313822
 0.15474077163498426
 0.15478870325251071
 0.1549085836895838
 0.15503783944272034
 0.15517597759632748
 0.15533531007950524
 0.1553953351316251
 0.15525852907238835
 0.15506166782148639
 0.15490191900576467
 0.15466448253535831
 0.15447493536927265
 0.15450938240634945
 0.15469740733594475
 0.15486836159733736
 0.15499516722186041
 0.15516406627374213
 0.15538313009759555
 0.15555553615676773
 0.15562996844850316
 0.15558493614566304
 0.15549134613940763
 0.15531919449528511
 0.15506781069421396
 0.15488956827153863
 0.1548782666868864
 0.15500863597117084
 0.15515084806428397
 0.15516506714275777
 0.15498962472262548
 0.15466350174286178
 0.15436416995040347
 0.15420465425868235
 0.15404976351167488
 0.15384693894726384
 0.1538258186439857
 0.15390966138778148
 0.15407832401795429
 0.15441550064543649
 0.15478946668575314
 0.15505528567821317
 0.15515824090179747
 0.15511031658153854
 0.15520056195734488
 0.155483532039771
 0.15582362114705417
 0.15649784977258011
 0.15738990240430001
 0.15797114447891128
 0.15795422454978075
 0.15777172929793351
 0.15744164685032658
 0.15622754125200422
 0.15458302708616908
 0.15411004637899933
 0.15458295121397617
 0.15501901860175671
 0.15550703597948962
 0.15623010563496775
 0.15612548632252943
 0.15407633335132631
 0.15184631508757951
 0.15256786940520167
 0.15279796664638662
 0.15352650916802812
 0.15421094219984083
 0.15396356850080639
 0.15272918325835105
 0.15140827966241138
 0.15256685524814304
 0.15392398406051819
 0.15444695318857943
 0.15401526444642816
 0.15395982030866076
 0.15494572998888201
 0.15600302271122263
 0.15604551592277749
 0.15530778907466455
 0.15562082529803511
 0.15596151248762044
 0.15520370346254553
 0.15440398434699673
 0.15489531245262381
 0.15501449635206388
 0.15459123094918861
 0.15482743778609059
 0.1556263940790879
 0.1570051047443492
 0.1581436750468512
 0.15947228414642148
 0.16189241868121124
 0.16191715201768925
 0.16116205214431018
 0.16170495148247058
 0.16174902847262126
 0.1620738086120391
 0.16421951489584469
 0.16368448460946775
 0.16711498698425328
 0.16629267006763371
 0.16658563021934508
 0.16947101640074724
 0.17297169137166113
 0.17748936670582194
 0.17763277914242676
 0.17511598936082906
 0.17510202029527022
 0.18022703263944931
 0.18015695431828782
 0.17188212074004536
 0.168498505428615
 0.16928711900298449
 0.17208883564031019
 0.17721837735642929
 0.181539602075422
 0.18463142459029275
 0.19096585463126545
 0.18607029451281523
 0.18432258321454889
 0.19725120090481502
 0.20553092997130987
 0.19914085362812062
 0.18850792737300667
 0.18738900997474417
 0.19721982461805485
 0.20230584475807639
 0.20691973310440823
 0.21821196404163024
 0.22627546490581649
 0.215388432151355
 0.20998034155032069
 0.20472080877028451
 0.1980114100799415
 0.1850627256186462
 0.18263721056285265
 0.18602044226718015
 0.18753046579930033
 0.19082790832068339
 0.19773622190236761
 0.21447067444336784
 0.24405312677451829
 0.27348940873363919
 0.29534758388744559
 0.2981671628142662
 0.28134495027718903
 0.24969676120536352
 0.23037683831920172
 0.22203367813046809
 0.25027257489661475
 0.26450783157299768
 0.26346664919928553
 0.26512121236373964
 0.26570842493561564
 0.26711093490360016
 0.26219156615579625
 0.25570367851325781
 0.24391412586202732
 0.23141724876249181
 0.22231450431802374
 0.2271517440979163
 0.2364398332529315
 0.23723070847985372
 0.2339003534103451
 0.25200575589956609
 0.26715114376081578
 0.28657165422101105
 0.29795344557429598
 0.30156377150172231
 0.31746011196406082
 0.33731874454641142
 0.3604610134007406
 0.38558731125141466
 0.4062309491119771
 0.42384260595655548
 0.43429760655865945
 0.43514381820984183
 0.427239093038221
 0.41348920360542468
 0.40049749565555959
 0.39568888022867477
 0.39615252747623958
 0.39003287816168936
 0.37350499368524404
 0.36818779813752095
 0.37474116060047402
 0.37714274641715079
 0.37261755270786456
 0.36213056931771626
 0.3457414908780933
 0.32561567046832746
 0.30431367945170185
 0.29521624692106746
 0.28394129191930012
 0.27026826011351318
 0.26586437222947223
 0.27333773530507643
 0.2789076188556861
 0.28195396715786025
 0.28111902857720183
 0.28200952806163826
 0.28492334998293228
 0.2864107108074177
 0.28524409942135115
 0.28741358961248054
 0.31096339615541896
 0.33732863203916541
 0.36081918944974423
 0.38226469452222595
 0.40203711633484346
 0.43432955283218871
 0.46720932377247704
 0.49378556289540682
 0.53616354790145992
 0.57680753230754256
 0.60479829446164168
 0.61550387768804138
 0.60867525530418309
 0.58978443451604212
 0.55971690899639603
 0.5188928028863069
 0.46980557508645671
 0.42373759379279324
 0.37725346342393196
 0.34077981680770525
 0.30406407677606317
 0.26745383927516958
 0.2384980815164808
 0.21115763535010859
 0.18551336246434241
 0.1622383249227653
 0.14279219958520228
 0.1282792588674572
 0.11541160445644386
 0.10455976256032438
 0.096090136885755378
 0.088182057475605938
 0.080864394841468928
 0.074069552855006812
 0.067765788111170053
 0.061957165903252037
 0.056643305873424823
 0.051826767343117398
 0.04750890176769712
 0.043676854074518517
 0.040294407094368483
 0.037305403959919409
 0.035191492483274425
 0.033287979793146079
 0.031613387041583868
 0.030213556463060811
 0.028912611670741904
 0.027682360865077374
 0.026501436470648572
 0.025360148704068702
 0.024260167666418128
 0.023209310532722509
 0.022214528408386246
 0.021276673736644137
 0.020389142268305727
 0.019540291916305481
 0.018717886052045166
 0.017913311621619618
 0.017123894529198502
 0.016352748856505919
 0.015606656703224609
 0.014893086267937679
 0.014217514085667271
 0.013581855779304619
 0.01298427017155011
 0.012420113230146364
 0.01188352311001847
 0.01136905239046941
 0.010872883312258261
 0.010393380265719072
 0.0099309630030488295
 0.0094874600393700954
 0.0090651941744205062
 0.0086660613601700909
 0.0082908110464942827
 0.0079386499807177595
 0.0076072002385252288
 0.0072927666866853865
 0.0071282454004911793
 0.0069820510265259312
 0.0068425691329867038
 0.006705216227960979
 0.0065648716497110999
 0.0064165383319188564
 0.0062559295306907738
 0.0060799127893529873
 0.0058867759657966123
 0.0057288087844843683
 0.0056995345138941469
 0.0056447166603666209
 0.0055629760450065426
 0.0054546216297450293


