# Created by Octave 8.4.0, Wed Feb 04 21:40:23 2026 PST <keung@keung>
# name: psa
# type: matrix
# rows: 300
# columns: 1
 0.15200279916186255
 0.15205796935101548
 0.15209302029322264
 0.15208837406929698
 0.15214587867915005
 0.15227228223535677
 0.15242109609819957
 0.15258380678916361
 0.15275700984839702
 0.15295140934193732
 0.15311242566444161
 0.15301693058259702
 0.15235742737193811
 0.15144228202346791
 0.15073261056150944
 0.15061105937884794
 0.15074354913817481
 0.15092151051061847
 0.15108385632661472
 0.1512222679774029
 0.15138805298928751
 0.15154367846876032
 0.15169798605857465
 0.15189895169026235
 0.15202554540168831
 0.15192449051235879
 0.15171593451922674
 0.15168637044943117
 0.15185820419834234
 0.15198606230098691
 0.15199937276073822
 0.15201060867477781
 0.15215478754961284
 0.15241351855939453
 0.15249719254720936
 0.15222983272180124
 0.15186618138990599
 0.15171448256552919
 0.15191906765411498
 0.1522665698636004
 0.15257555989376509
 0.15271824878489215
 0.1528239719460314
 0.15311084650678156
 0.15348310677649857
 0.15374160255925021
 0.15389918980206801
 0.15398983372968666
 0.15435020411466413
 0.15482281358585623
 0.15544703802526846
 0.15592344852932857
 0.15610236734630284
 0.1568457439710127
 0.15843583471956918
 0.16103393597676885
 0.16261949221307109
 0.15937589850164549
 0.15474850885159264
 0.15297537260605873
 0.15194459945234187
 0.15098176586323039
 0.15241090160821769
 0.1586204873780061
 0.16423797197335602
 0.16275200104307391
 0.15830575642939279
 0.15577473837046227
 0.15463108952296561
 0.15409627127237344
 0.15469375843029287
 0.15560947082095863
 0.15505187360715678
 0.15330221100673219
 0.15251986026389217
 0.15289795109206805
 0.15262697458902769
 0.15141287745383966
 0.15135149420551272
 0.15300359616707784
 0.15395427042688153
 0.1532403472780075
 0.15219965867385613
 0.15171643745901689
 0.15204351822605261
 0.15175596421614468
 0.15098648716535992
 0.15170888872619059
 0.1523752754223984
 0.15154311937408385
 0.15189423066113047
 0.15153357606000403
 0.15206497349578085
 0.15292676339308595
 0.15308479371618464
 0.15270138448191958
 0.15202264603181367
 0.15191986706857769
 0.15214732788947471
 0.15077556954913046
 0.1528814431115299
 0.15412550351245499
 0.15342134273581073
 0.15536758196069034
 0.15485944146771347
 0.15540491395644826
 0.15268908295814526
 0.15249342632763133
 0.15615742312042347
 0.1587078229150912
 0.16354261393665531
 0.16796934181152498
 0.17327058912399543
 0.17023958165350098
 0.17021041773249287
 0.17589716821380316
 0.18073080494300553
 0.17373425797573608
 0.17686967225827743
 0.17514776123897283
 0.17551924159666857
 0.17186337490157635
 0.17053701838103272
 0.17115288899501624
 0.17908586002160987
 0.19337401715294258
 0.20764458572724617
 0.21481643601307313
 0.21450947577587989
 0.21065845407942946
 0.19928652304342087
 0.19783927297243539
 0.20027549436552389
 0.19173320879500771
 0.18386978284407832
 0.17267887962421985
 0.17765762148418168
 0.184926374638444
 0.1884081346616491
 0.1846943122903919
 0.18753137329438974
 0.19835301174156578
 0.20742953384791149
 0.21497351835889048
 0.22095378008819519
 0.2339961144392087
 0.25082683443735815
 0.26828621070779374
 0.27224876974460388
 0.26254101731102808
 0.24336344312458427
 0.22228624352427737
 0.20445936826692232
 0.19741494496403472
 0.22035505769067334
 0.24087691178156387
 0.25437898305236178
 0.25806070452835345
 0.25214165547388639
 0.24445390084704383
 0.23125957750436965
 0.22193395520347406
 0.22681196528784128
 0.23378474699186766
 0.24489528015319728
 0.24306124742452953
 0.2422844187051113
 0.25019258490849461
 0.26488245750025913
 0.28199845111857652
 0.29924098162548685
 0.30501077337290006
 0.29924054317376453
 0.31091461062435599
 0.3379885243625726
 0.36591561434922792
 0.39297856137217752
 0.41514986303000329
 0.43061424237493368
 0.43673589430647486
 0.43324440292094851
 0.42239621726081317
 0.4109816236614362
 0.40711446192776579
 0.40970137671079104
 0.40837064956168012
 0.39524088853492412
 0.37473006776116841
 0.36482560163559957
 0.37101614033393748
 0.37138056660287605
 0.36223383488770561
 0.34420555387262353
 0.32679834350519604
 0.3213305701232585
 0.31243116706047841
 0.30222181612144366
 0.29057497413349109
 0.27655525016155064
 0.27561872462910025
 0.28327015250189075
 0.29296240701498344
 0.30283065179862872
 0.31129793428172037
 0.3168198799339173
 0.31964886660885672
 0.31964152522148875
 0.31662763435101149
 0.33795239019481937
 0.37061900591172064
 0.40016473013790282
 0.42655721246084677
 0.44967384997356602
 0.48420858318240623
 0.51984626073678397
 0.55755646582947149
 0.61075526023569982
 0.65189207571437457
 0.67881599512877822
 0.68870611114270031
 0.68230214316299986
 0.66009753917245684
 0.62401960365025366
 0.57682056680921334
 0.52145275194916552
 0.46888280649494191
 0.42160904591920395
 0.38224645776835658
 0.34204972109907333
 0.30154016009692064
 0.26510051947284435
 0.23560285883283352
 0.20764145821479371
 0.1820535275465284
 0.16286765222057745
 0.14663024820128523
 0.13212018446114032
 0.11915057300080446
 0.10747679802610272
 0.096944497086608489
 0.087543094384794962
 0.079283582594915983
 0.072328100502697779
 0.066069773594863934
 0.060377201736262119
 0.055860647537350504
 0.052078145007075478
 0.048888243944631891
 0.046152375716279705
 0.04375896874356517
 0.041634813044209476
 0.039734581493769253
 0.038020386420590441
 0.036447808118515147
 0.03496697833556784
 0.033535327683819519
 0.032131350887587284
 0.03075964988055406
 0.029444095221812277
 0.028213068007887789
 0.027084374477108836
 0.02605650529595295
 0.025108995218615687
 0.024210301771165253
 0.023328903913415616
 0.022442959695679457
 0.021545380612719392
 0.020643484265133637
 0.019754405967229365
 0.018898546912473349
 0.01809340128173962
 0.017349416799271627
 0.016668543069055804
 0.016045208662424131
 0.015468884657069833
 0.014927204718042125
 0.014408749819302732
 0.013904931527717471
 0.013410778542198925
 0.012924739814505029
 0.012447808508266161
 0.011982336269911046
 0.011530871477075297
 0.011095258115100721
 0.010676113949678608
 0.010319611916387188
 0.010171914451824785
 0.010024182129581427
 0.0098752094895571234
 0.0097227393566457418
 0.0095638404565639712
 0.0093953884397187815
 0.0092145473772649398
 0.0090191719895211016
 0.0088080814601721596
 0.0085811862748133485
 0.0083814950966645992
 0.0083656017133149439
 0.0083227973978278001
 0.0082531274311415919


