# Created by Octave 8.4.0, Wed Feb 04 21:38:49 2026 PST <keung@keung>
# name: psa
# type: matrix
# rows: 300
# columns: 1
 0.18299513371273932
 0.1829102217518182
 0.18286723380920228
 0.18290087778499925
 0.18299622285047498
 0.18309868370990168
 0.18318345024264643
 0.18325836440735574
 0.18333592307695726
 0.18342510441030577
 0.18344256269847059
 0.18324594777477088
 0.18302988638536025
 0.18294864200607544
 0.18267170472605959
 0.18258242403045949
 0.182503286690851
 0.1825135762063558
 0.18258821685996907
 0.18264469191754198
 0.18270939158915009
 0.18278594255008174
 0.18288757319757593
 0.18305016977477884
 0.18324569148572956
 0.18341234225203848
 0.18349023663685382
 0.18344878828663852
 0.18334823438285108
 0.18318363421202927
 0.18298977383108297
 0.18278437523615937
 0.18258519809229071
 0.18243884982502559
 0.18231070253078471
 0.1822849524147318
 0.18241048971321802
 0.18260698377810261
 0.18286709819791394
 0.1831112959198293
 0.18331477359957063
 0.18341067335222563
 0.18345665586358539
 0.1836193827985344
 0.18369883319656513
 0.18378744208845957
 0.18391275098687421
 0.18387968734656357
 0.18399548617646252
 0.18430283849048318
 0.18451371234968256
 0.18498982542470996
 0.18587877447589629
 0.18651622356507622
 0.18638116112554878
 0.18595163173580662
 0.18438440577626314
 0.18389878751435174
 0.18470197501021449
 0.18350681170470601
 0.18308297492670067
 0.18517741957373937
 0.1878131932228489
 0.18842420896050563
 0.18532755285408567
 0.18785421171435424
 0.18788353898405902
 0.18823730390126719
 0.1884165097479141
 0.18719069486452647
 0.18582696664917886
 0.18438699485709961
 0.18350917838762001
 0.18381248654276397
 0.18425331456716351
 0.18376842922847922
 0.18362716099979115
 0.18232635441798156
 0.18345349286073456
 0.18459119918080072
 0.18472214815918322
 0.18356328746642717
 0.18352119059766706
 0.18339778295394779
 0.1823915552042405
 0.1835761496727624
 0.18450640460277673
 0.18352837132695582
 0.18388540974486331
 0.18558760852005846
 0.18548606940022114
 0.18410484795491411
 0.18414714501470444
 0.18413121362549412
 0.18540947654033113
 0.18523079414371221
 0.18498501497938652
 0.18629916793920423
 0.18537292239440994
 0.18626868220085063
 0.1904985700360092
 0.18870572091958604
 0.18752281109037444
 0.19519880102971712
 0.19693984762657255
 0.19706141331539678
 0.20218037262425823
 0.1951296114629569
 0.19584474522278789
 0.18948104034519961
 0.18981287046833895
 0.19220222451281846
 0.19252771633442986
 0.19211281279895398
 0.19388700295536523
 0.19581235407074457
 0.19197532320882962
 0.18737854810340554
 0.19279305986626272
 0.19104595267479263
 0.19110229317173286
 0.18943610614336875
 0.19015118725178046
 0.19421177254337263
 0.19839535316317178
 0.20106110291086227
 0.20381062210051726
 0.20630439946255191
 0.20789526195209565
 0.20678848949663264
 0.20454291092285143
 0.20372323932069938
 0.20544006956345862
 0.2084574867264429
 0.21325893919184158
 0.21948219351883849
 0.22080726925451094
 0.22057789158648566
 0.21808566992320691
 0.21476065071906214
 0.21308487808550272
 0.21180872892978345
 0.21803139281032805
 0.2294223600042892
 0.24181451495171652
 0.24730686599393112
 0.24178443295802773
 0.23497499298245023
 0.23229810773001622
 0.23195025948184375
 0.2286374798022705
 0.24106163282338244
 0.24190554810246859
 0.27171718445658305
 0.301948810942332
 0.32177171184380604
 0.33061656275290113
 0.3289599706032123
 0.33526749072449641
 0.34939387984254128
 0.3569450941988403
 0.36647153274736594
 0.36779713499401878
 0.35171242801602498
 0.31643624400815723
 0.2971603266032215
 0.29744587237275488
 0.29777105783438906
 0.29649896676771453
 0.31616067817463478
 0.33817752146807445
 0.34856195795753758
 0.33963120183118706
 0.32545208239541179
 0.34348856315080351
 0.36601092030226778
 0.39013508038712691
 0.42576980304185846
 0.45567193229009634
 0.47532675585073964
 0.48251675179968839
 0.4778731806446932
 0.46823646066195945
 0.46512226270460055
 0.47156552821758652
 0.47698972674225748
 0.46974345052207622
 0.45213372528844453
 0.43427657961332561
 0.44495651613327664
 0.45387251798912676
 0.44755652007464058
 0.43981184949703822
 0.44116383777306212
 0.43621419595640004
 0.42560377714011338
 0.41241582863617732
 0.39544395822518003
 0.37595738532179418
 0.35399260051092429
 0.36651277424974876
 0.37950696942447537
 0.39089468376269543
 0.39934798598973253
 0.40431273315299537
 0.40548922097612844
 0.40276841304726868
 0.39658324260382222
 0.38882797585817902
 0.43454148354718036
 0.47418472892898744
 0.50860763755466254
 0.53684450859972688
 0.56972236212462857
 0.62278191487703505
 0.67950260539442331
 0.73824719431803998
 0.78158053953724727
 0.80575612095803728
 0.8115611443056574
 0.79880797625610112
 0.76834517712157391
 0.72256879833823584
 0.66463515234382819
 0.61012459175699385
 0.55464300913779718
 0.49580016477445421
 0.44713242330335029
 0.40004454917675242
 0.35307635455676911
 0.31237313411564738
 0.27933594554877306
 0.24785684840775205
 0.21910654130844681
 0.19332250169052434
 0.17273429144572877
 0.15570364904834083
 0.14030257753643738
 0.1264292267282611
 0.11404346511634064
 0.10306761114560366
 0.093392906299713765
 0.084962637543974803
 0.077696657966556851
 0.071514442059165753
 0.067024419271736607
 0.063558059571519956
 0.060400731480389436
 0.057438955392245243
 0.054609628650745153
 0.051878544256830118
 0.049220716670599553
 0.04661194684379593
 0.04403206693525627
 0.04159605292475637
 0.039991636653108745
 0.038446042498191127
 0.036941873538013724
 0.035475511914732034
 0.034051841350143192
 0.032677659617727707
 0.031356627141967602
 0.030087280753385581
 0.028864010366085151
 0.027679755224183838
 0.026528856200555742
 0.025408880187518752
 0.024320947668531896
 0.023268770683225668
 0.022257010831962583
 0.021289639631880772
 0.020368805813075527
 0.019494424371534331
 0.018664429182533755
 0.017875454676012349
 0.017123655373610214
 0.016405414098231572
 0.01571778766670661
 0.015058648579407417
 0.014426569884117908
 0.013820551713840855
 0.013239700651818344
 0.012682955787491406
 0.012148921179135307
 0.011638612214574105
 0.01114817217024361
 0.010674151719964997
 0.010214428011303369
 0.0097671469452721253
 0.0093308837715503565
 0.0089047457015905621
 0.0084884082798261807
 0.0080820884315422475
 0.0076864652652885029
 0.0073722100127040953
 0.0071391076342882049
 0.0068973854043486282
 0.006649039871234573
 0.0063964182358043995
 0.0061420587917266622


