# Created by Octave 8.4.0, Wed Feb 04 21:52:32 2026 PST <keung@keung>
# name: psa
# type: matrix
# rows: 300
# columns: 1
 0.17800065857441411
 0.17799697318865704
 0.17796391403426032
 0.17800474308007402
 0.17817989303556872
 0.17845037504085659
 0.17877071108627546
 0.17912742858546499
 0.17949489253126635
 0.17979405073545546
 0.17989735333179421
 0.17962361251877254
 0.17860936284242526
 0.17705889902701136
 0.17600339973557694
 0.17562812537277875
 0.17560944784509874
 0.17581676726066581
 0.1761513905205391
 0.17651813983047199
 0.17687787455747669
 0.17721796575296803
 0.17758238928035996
 0.17792007256979461
 0.1782179460092316
 0.17839779970437344
 0.17835642691540296
 0.17814717238501565
 0.17792208659033668
 0.17786351675048914
 0.17801040831122347
 0.17816813968897183
 0.1781189116963087
 0.17784968267160897
 0.17751227962170893
 0.17728126496361565
 0.1772591978798469
 0.17751620697171056
 0.17787558995979011
 0.17821731985681832
 0.17866108695787436
 0.17920842517624602
 0.17967219013183114
 0.18002948411489963
 0.1805360045740427
 0.18126349045143433
 0.18193173128064774
 0.18250442593732336
 0.18339594259874323
 0.18446870084858291
 0.18520801092402928
 0.1857643652100113
 0.1865180467090003
 0.18735152083414977
 0.18738558599412194
 0.18752271438050996
 0.19010186397049897
 0.19181226411769212
 0.18896747176877013
 0.18364785452437932
 0.17770278579932017
 0.17684262106939794
 0.18411222220925691
 0.18905572356087616
 0.18828635672179189
 0.18452772481154892
 0.18483969647291001
 0.18741083666312264
 0.18807611866511326
 0.18691043583695691
 0.18595187839266752
 0.18587126523244976
 0.18592030384207811
 0.18579234618480536
 0.18510300734726781
 0.18343583259825169
 0.18132902806071596
 0.18005728712537789
 0.18042757035795959
 0.18152763181031681
 0.18185441531207916
 0.18106572061423404
 0.17978313660015069
 0.1784483219901391
 0.17762685286361893
 0.17737021839007217
 0.17789884736159289
 0.17925779410315226
 0.18071326463004633
 0.18119976721690456
 0.18082135567431115
 0.18057461149125673
 0.18005980539957497
 0.17890452294210094
 0.17736141001581091
 0.17580603579586374
 0.17649431630059939
 0.17787008033453486
 0.17888440578604412
 0.18078562054944627
 0.18119329524196592
 0.1797382228213904
 0.18159982009398326
 0.18566426547304041
 0.18664784447804489
 0.18659555924900756
 0.18722860720722037
 0.18500802943023914
 0.18208924357551315
 0.18764415236698262
 0.19287539464713063
 0.19619776895745739
 0.19636642215550182
 0.1936050877703972
 0.1945031292741021
 0.194683439523852
 0.19484085178050453
 0.19616516194605693
 0.19999680103782469
 0.20530748870757731
 0.20962528202915906
 0.21670600925199643
 0.22002312805486307
 0.22063623974603599
 0.22273823398451476
 0.22283517420086513
 0.21793531697371496
 0.20798453348579762
 0.21500557648121449
 0.22172420120709499
 0.22576542625400461
 0.22742935860469704
 0.22662496971790203
 0.22671326487433638
 0.22411489529161194
 0.2198698395460803
 0.23665085204467648
 0.24127644519008259
 0.23932451418653486
 0.23798309217571526
 0.2450092125741033
 0.25308761321533935
 0.2549906628456774
 0.25639819658453111
 0.26082908718181225
 0.26153337822542877
 0.24828289083579139
 0.22725658467481705
 0.2003445699082452
 0.18374284529213997
 0.18758746652715344
 0.21160476112902524
 0.24282421915498706
 0.26779775400296629
 0.28381679376888047
 0.28794045314970085
 0.2864767747848565
 0.28095004744323254
 0.27245824895101595
 0.26610778744045727
 0.25695788115683044
 0.24031260528689852
 0.22762406530209339
 0.21785940370979523
 0.22079736997076066
 0.23337725372490564
 0.24726102047308898
 0.26226831558737329
 0.2785309311582454
 0.29535487802648303
 0.31062875397005618
 0.32746175015567786
 0.34427626500072428
 0.36092166742390758
 0.38169794439781463
 0.40117147799230751
 0.41832408688742156
 0.42826981473910242
 0.43483548947726752
 0.43235431567508265
 0.42202698082479129
 0.40953289801104414
 0.39921075780062371
 0.3932539340969704
 0.38783055804445765
 0.39064784397650398
 0.42024709636959973
 0.43521062008134992
 0.44215100575941491
 0.44096119193128308
 0.43062340640032137
 0.41383617276710827
 0.39929781272621334
 0.38925968544282713
 0.37536078593175176
 0.35651052358521129
 0.33227052202651375
 0.30278052990345306
 0.26936001389680175
 0.27236485910550917
 0.27231268909677564
 0.26974062082472827
 0.26398431455481625
 0.25553629454405119
 0.24599677377782689
 0.23464602972016382
 0.23020782603997164
 0.25284911561715934
 0.27067383894153424
 0.28451482072768353
 0.29617103496240932
 0.30522465682943389
 0.31300161675644689
 0.33082079747370363
 0.34941708124832171
 0.36466611011554328
 0.37414405148018437
 0.3749645926300062
 0.37196428692995032
 0.36337207471534572
 0.34852060916731659
 0.32771142876492676
 0.30700144414583003
 0.2899335166696585
 0.27113684229590779
 0.25080003918077792
 0.22997139821430046
 0.20817889166230874
 0.1856161538397626
 0.16288679191710276
 0.14767246122599184
 0.13757394129019768
 0.12697119012755409
 0.1163860289436662
 0.1064098696758551
 0.097234968377216832
 0.088995855281559566
 0.081705230167433543
 0.075080226445284379
 0.068959816372188912
 0.063261686519432855
 0.057949910062095336
 0.053019492110496141
 0.04848870536016741
 0.044390851765275137
 0.040756126577279284
 0.037588072041021263
 0.034848916957895645
 0.032464284676051475
 0.030345146538197532
 0.028414523603473137
 0.026625238833027049
 0.024961998647043085
 0.023430267258923713
 0.022058637458427826
 0.020832018541191648
 0.019735348753947911
 0.018746205315184596
 0.017838626486398862
 0.01698990432349241
 0.016184621085733396
 0.01541524284408209
 0.014680156582674936
 0.013980697403578225
 0.013318533348562721
 0.012694141035583875
 0.012106432587098146
 0.011553154166245307
 0.011031546322408969
 0.010545995303783145
 0.010088177303485059
 0.0096536724942155629
 0.0092400834610088089
 0.0088447709743452486
 0.0084648476705042382
 0.0080973680057923013
 0.0077396666409504065
 0.0073897483315537331
 0.0070466217435874176
 0.0067104913177655351
 0.0063827620416493109
 0.0062335054705199774
 0.0061854489059316462
 0.0061436113228986325
 0.0061774834371026528
 0.0063216218224435589
 0.006472333634931807
 0.0066206815862702127
 0.0067598482446515843
 0.0068807448150486773
 0.0069721080621745505
 0.0070275269056663979
 0.0070456349890920559
 0.0070219624424159455
 0.0069617134660820684
 0.0068651095242264967
 0.0067458046021662511
 0.0068250669661467107
 0.0068679793064149305
 0.0068854496826515049


